0.29,65028096,1703,cpu
0.52,76939264,4051,cpu
0.97,76939264,4552,cpu
1.76,76926976,5764,cpu
1.76,76926976,5764,cpu
1.76,76926976,5764,cpu
1.76,76926976,5764,cpu
1.76,76922880,5764,cpu
1.76,76922880,5764,cpu
1.85,76922880,8210,cpu
1.85,76922880,8210,cpu
1.91,76922880,8641,cpu
2.02,76922880,9503,cpu
2.02,76922880,9503,cpu
2.02,76922880,9503,cpu
2.22,76922880,10796,cpu
2.22,76922880,10796,cpu
2.22,76922880,10796,cpu
2.38,76922880,12089,cpu
2.38,76922880,12089,cpu
2.51,76922880,12951,cpu
2.51,76922880,12951,cpu
2.51,76922880,12951,cpu
2.73,76922880,14244,cpu
2.73,76922880,14244,cpu
2.73,76922880,14244,cpu
2.94,76922880,15537,cpu
2.94,76922880,15537,cpu
3.09,76922880,16399,cpu
3.09,76922880,16399,cpu
3.09,76922880,16399,cpu
3.29,76922880,17692,cpu
3.29,76922880,17692,cpu
3.29,76922880,17692,cpu
3.44,76922880,18554,cpu
3.44,76922880,18554,cpu
3.7,76922880,20278,cpu
3.7,76922880,20278,cpu
3.7,76922880,20278,cpu
3.86,76660736,21280,cpu
3.86,76660736,21280,cpu
3.97,76660736,22433,cpu
3.97,76660736,22433,cpu
3.97,76660736,22433,cpu
4.16,76660736,23295,cpu
4.16,76660736,23295,cpu
4.16,76660736,23295,cpu
4.37,76660736,24720,cpu
4.37,76660736,24720,cpu
4.5,76660736,26013,cpu
4.5,76660736,26013,cpu
4.5,76660736,26013,cpu
4.81,76398592,26584,cpu
4.81,76398592,26584,cpu
4.81,76398592,26584,cpu
5.07,76398592,28168,cpu
5.07,76398592,28168,cpu
5.26,236711936,29461,cpu
5.26,236711936,29461,cpu
5.26,236711936,29461,cpu
5.38,76398592,30323,cpu
5.38,76398592,30323,cpu
5.38,76398592,30323,cpu
5.57,76398592,31616,cpu
5.57,76398592,31616,cpu
5.75,236711936,32478,cpu
5.75,236711936,32478,cpu
5.75,236711936,32478,cpu
5.86,76398592,33771,cpu
5.86,76398592,33771,cpu
5.99,76398592,34633,cpu
5.99,76398592,34633,cpu
5.99,76398592,34633,cpu
6.2,128958464,35926,cpu
6.2,128958464,35926,cpu
6.2,76398592,35926,cpu
6.42,76398592,37351,cpu
6.42,76398592,37351,cpu
6.55,76398592,38644,cpu
6.55,76398592,38644,cpu
6.55,76398592,38644,cpu
6.73,76398592,39937,cpu
6.73,76398592,39937,cpu
6.73,76398592,39937,cpu
6.97,76398592,40799,cpu
6.97,76398592,40799,cpu
7.11,76398592,41801,cpu
7.11,76398592,41801,cpu
7.11,76398592,41801,cpu
7.33,76398592,43517,cpu
7.33,76398592,43517,cpu
7.33,76398592,43517,cpu
7.54,76398592,43948,cpu
7.54,76398592,43948,cpu
7.73,76398592,45672,cpu
7.73,76398592,45672,cpu
7.73,76398592,45672,cpu
7.99,76398592,46534,cpu
7.99,76398592,46534,cpu
7.99,76398592,46534,cpu
8.18,76398592,47827,cpu
8.18,76398592,47827,cpu
8.34,76398592,49120,cpu
8.34,76398592,49120,cpu
8.34,76398592,49120,cpu
8.6,76398592,49982,cpu
8.6,76398592,49982,cpu
8.6,76398592,49982,cpu
8.87,76398592,51275,cpu
8.87,76398592,51275,cpu
9.03,76398592,51706,cpu
9.03,76398592,51706,cpu
0.34,68857856,2492,memory
0.34,68857856,2990,memory
0.52,76939264,4051,memory
9.03,76398592,51706,memory
9.11,76660736,53771,memory
9.11,76660736,53771,memory
9.15,76660736,54759,memory
9.15,76660736,54759,memory
9.15,76660736,54759,memory
9.26,77991936,56253,memory
9.26,77991936,56253,memory
9.26,77463552,56253,memory
9.32,77463552,57747,memory
9.32,77463552,57747,memory
9.4,77463552,58743,memory
9.4,77463552,58743,memory
9.4,77463552,58743,memory
9.44,77725696,59879,memory
9.44,77725696,59879,memory
9.44,77729792,59879,memory
9.51,77729792,61373,memory
9.51,77729792,61373,memory
9.53,77729792,62727,memory
9.53,77729792,62727,memory
9.61,77729792,63723,memory
9.61,77729792,63723,memory
9.61,77729792,63723,memory
9.67,77729792,65217,memory
9.67,77729792,65217,memory
9.73,77467648,66213,memory
9.73,77467648,66213,memory
9.73,77467648,66213,memory
9.78,77467648,67707,memory
9.78,77467648,67707,memory
9.78,77467648,67707,memory
9.89,77467648,68835,memory
9.89,77467648,68835,memory
9.93,77205504,70329,memory
9.93,77205504,70329,memory
9.93,77205504,70329,memory
10.0,77205504,71823,memory
10.0,77205504,71823,memory
10.09,78782464,72959,memory
10.09,78782464,72959,memory
10.09,78782464,72959,memory
10.18,77205504,74445,memory
10.18,77205504,74445,memory
10.18,77729792,74445,memory
10.21,77729792,75939,memory
10.21,77729792,75939,memory
10.28,79306752,77075,memory
10.28,79306752,77075,memory
10.28,79306752,77075,memory
10.34,77205504,78429,memory
10.34,77205504,78429,memory
10.34,79433728,78429,memory
10.38,79433728,79923,memory
10.38,79433728,79923,memory
10.46,77205504,81051,memory
10.46,77205504,81051,memory
10.46,77467648,81051,memory
10.51,77467648,82545,memory
10.51,77467648,82545,memory
10.58,77729792,83541,memory
10.58,77729792,83541,memory
10.58,77729792,83541,memory
10.66,77729792,85035,memory
10.66,77729792,85035,memory
10.66,77467648,85035,memory
10.72,77467648,86171,memory
10.72,77467648,86171,memory
10.77,77467648,87525,memory
10.77,77467648,87525,memory
10.77,77467648,87525,memory
10.87,77467648,89019,memory
10.87,77467648,89019,memory
10.92,77991936,90015,memory
10.92,77991936,90015,memory
10.92,77991936,90015,memory
10.97,77729792,91649,memory
10.97,77729792,91649,memory
10.97,77729792,91649,memory
11.02,77729792,93003,memory
11.02,77729792,93003,memory
11.08,77467648,94271,memory
11.08,77467648,94271,memory
11.08,77467648,94271,memory
11.16,77467648,95127,memory
11.16,77467648,95127,memory
11.16,77729792,95127,memory
11.24,77729792,96621,memory
11.24,77729792,96621,memory
11.32,79564800,97617,memory
11.32,79564800,97617,memory
11.32,79564800,97617,memory
11.36,77991936,99741,memory
11.36,77991936,99741,memory
11.45,77729792,101235,memory
11.45,77729792,101235,memory
11.45,77729792,101235,memory
11.46,77467648,102503,memory
11.46,77467648,102503,memory
11.46,77205504,102503,memory